354.472
429.914
2.65511
97.4761
242.561
412.793
903.378
474.349
994.232
153.508
766.594
411.878
250.465
227.424
870.571
562.273
93.9665
767.815
171.484
489.029
37.9955
124.058
453.658
841.7
626.606
686.087
981.445
24.9947
552.324
155.919
809.381
893.277
697.958
47.8225
406.903
501.541
8.17896
698.172
753.716
444.624
597.644
566.362
561.907
815.119
1.43437
107.944
781.579
311.991
974.731
1.46489
45.7778
530.747
747.093
9.67437
211.158
966.491
138.493
257.21
650.502
761.01
442.701
205.145
453.597
725.517
484.451
104.373
192.511
669.759
756.767
208.563
407.453
569.201
44.7401
528.245
469.802
601.215
441.725
406.964
978.21
581.805
164.281
701.254
344.035
833.827
72.512
845.149
722.861
18.1585
301.34
580.645
947.478
959.105
909.757
635.853
619.434
994.995
953.398
131.046
14.9541
885.586
887.906
995.087
961.486
807.337
707.846
172.246
341.166
467.696
728.751
902.036
377.667
870.052
417.829
851.772
362.377
759.819
179.571
384.472
976.287
284.097
503.067
742.546
863.735
894.925
376.446
428.724
614.673
28.0465
375.591
565.6
811.06
588.672
332.53
514.878
293.985
774.468
990.478
537.675
308.023
268.319
551.256
777.001
678.488
331.187
521.683
343.852
678.243
826.533
764.824
788.171
740.226
707.907
162.816
735.374
672.048
0.335704
797.266
970.794
528.489
807.489
53.0107
752.037
798.791
375.042
552.812
631.581
64.3941
742.393
327.464
570.055
783.776
13.0924
129.215
621.906
360.393
776.086
293.466
974.7
150.182
708.09
55.9709
622.822
564.745
889.431
731.101
457.778
926.359
863.521
657.704
55.1469
231.208
972.106
318.918
940.58
477.462
996.857
542.131
614.917
713.37
639.027
184.912
121.22
462.935
868.282
213.843
433.18
684.347
671.712
582.141
447.554
918.21
234.748
812.189
861.354
781.182
84.7194
689.566
714.713
461.806
228.828
974.639
881.436
374.462
817.103
537.828
287.698
627.552
362.529
825.22
140.934
462.844
48.616
60.0909
949.248
321.329
156.346
87.6186
613.33
692.587
141.423
267.739
372.143
403.333
393.139
323.588
882.931
501.999
206.244
551.134
217.353
394.94
996.918
296.152
55.1775
391.064
293.893
105.472
856.227
310.862
536.821
457.9
291.91
315.989
211.676
481.613
718.375
616.108
356.12
564.257
971.252
208.594
964.751
261.666
264.321
308.054
326.06
411.817
472.915
621.052
822.535
860.012
583.148
123.417
224.616
701.621
588.488
495.193
10.1627
448.866
615.07
870.388
740.654
27.3446
556.352
57.2222
24.9031
9.21659
999.207
885.556
102.573
988.739
721.976
837.184
577.441
506.577
546.159
615.955
332.56
429.64
822.993
813.41
158.422
191.626
335.734
326.212
125.126
801.66
899.503
682.18
229.835
26.2459
439.497
930.418
351.176
652.028
829.035
252.235
41.261
234.046
268.532
949.248
186.987
237.22
486.862
964.232
71.5659
976.318
546.068
591.968
868.038
261.055
531.053
535.295
95.0652
152.715
905.087
963.53
67.7816
738.029
812.708
728.629
873.043
327.128
111.026
396.435
901.914
981.567
410.993
247.932
470.046
778.375
909.452
908.017
556.871
717.277
293.527
757.042
195.441
676.046
498.642
782.22
543.962
321.39
601.245
24.3233
169.805
381.176
627.369
276.772
578.295
183.874
558.794
192.389
516.19
872.28
317.392
455.245
82.4915
196.814
9.49126
172.491
176.641
295.755
211.219
143.925
315.928
367.565
575.793
164.068
353.587
642.079
544.786
14.069
128.208
557.176
443.953
299.295
576.25
546.22
745.018
788.72
338.45
343.577
774.743
412.641
391.98
213.63
652.577
574.816
738.945
9.97955
738.121
935.362
682.852
471.053
369.427
320.353
724.235
658.071
173.711
915.067
606.769
942.106
731.59
396.191
544.877
446.12
875.881
160.192
164.19
348.247
406.72
303.262
186.438
952.727
503.739
509.659
389.325
934.538
616.81
504.471
873.409
664.541
116.55
227.18
166.601
20.2643
485.855
381.848
198.004
589.984
333.659
521.012
672.079
674.978
12.3905
318.491
874.233
997.375
119.846
188.391
439.802
518.998
667.409
905.667
116.642
278.085
195.288
385.083
53.3769
649.434
616.626
274.697
644.337
935.026
70.864
519.883
462.142
690.786
568.56
554.277
309.793
695.822
708.243
274.148
922.758
970.855
246.895
452.101
352.886
751.122
805.078
746.422
565.416
821.406
488.235
962.34
279.672
117.801
705.1
721.793
585.559
4.05896
964.751
197.272
366.405
127.415
933.348
66.6219
59.9689
261.086
531.877
344.646
788.324
39.2773
356.273
247.963
388.318
991.028
200.873
749.413
373.638
778.954
966.948
978.057
359.63
49.5926
736.656
121.006
982.482
801.263
295.083
983.917
843.532
675.497
880.184
865.261
510.605
78.8598
442.488
901.914
106.784
541.063
196.326
541.337
518.632
215.369
742.821
297.189
754.662
928.22
546.525
444.075
485.58
683.615
47.029
808.344
297.311
29.0536
186.346
310.617
688.101
189.001
633.534
416.73
341.227
371.899
488.144
152.806
704.123
157.75
743.095
841.304
405.591
371.715
288.736
213.935
541.948
350.23
739.25
57.8021
363.75
6.22578
862.209
50.9354
394.024
599.17
893.399
943.602
509.537
616.535
517.258
741.417
15.9612
672.903
794.855
46.9375
248.756
832.85
820.154
215.522
730.399
263.771
386.151
481.796
415.601
625.416
442.183
713.248
55.7878
101.413
623.127
947.081
213.874
480.239
632.496
366.192
960.57
190.863
760.033
871.364
783.685
699.85
315.531
904.782
741.752
176.031
259.743
682.363
392.621
829.035
813.929
490.158
529.13
827.845
328.99
201.514
252.266
205.695
195.929
671.377
413.953
657.613
78.3105
163.427
959.624
636.647
248.268
467.208
202.948
655.293
307.413
860.439
563.372
198.279
73.6412
573.473
797.296
152.745
915.25
912.137
255.44
162.481
313.486
694.754
196.234
812.067
935.118
159.948
687.399
47.3647
995.575
1.58696
126.377
738.762
194.861
686.666
911.74
792.993
6.65304
712.668
295.358
720.176
602.191
960.875
948.393
62.1967
190.252
801.416
270.699
588.672
54.4755
106.571
976.135
666.494
69.0634
828.516
983.978
709.891
974.273
297.739
148.869
116.489
192.877
898.587
859.432
596.149
469.161
277.718
37.2631
298.227
111.057
742.393
568.041
644.581
117.222
3.93689
694.906
273.385
970.305
923.856
406.446
0.579852
376.965
417.341
349.834
205.481
737.175
171.972
300.729
545.946
622.486
336.772
721
410.443
45.9304
838.099
435.499
12.1464
803.797
478.896
959.532
532.426
671.072
477.584
507.584
218.787
731.742
602.283
215.247
844.722
624.928
557.207
605.09
436.659
988.433
777.245
828.028
675.253
880.551
286.966
711.264
876.186
462.081
780.297
144.2
957.701
719.047
577.227
833.43
300.607
507.523
613.605
958.068
907.041
702.536
120.579
756.829
764.336
731.071
149.571
578.021
820.368
271.615
599.2
423.536
476.211
400.739
900.449
518.326
2.77718
968.169
16.4495
936.491
787.744
481.582
912.687
815.271
818.14
282.723
154.271
188.177
306.375
295.541
786.615
968.627
864.62
127.598
155.095
114.78
133.976
806.879
820.978
508.072
275.796
934.08
228.767
574.938
229.804
532.243
282.266
184.668
146.367
375.256
484.695
853.603
899.014
75.6859
799.615
787.103
82.7662
713.858
888.913
791.07
405.774
289.102
883.938
583.27
879.055
774.651
345.988
536.882
711.783
57.0696
572.68
386.517
317.728
542.131
906.156
928.648
339.305
707.297
199.347
247.2
95.4619
383.374
97.232
496.017
359.63
45.5031
288.003
769.005
873.959
895.474
381.878
89.5108
506.211
15.8086
572.771
50.2945
455.489
378.246
739.372
134.587
413.007
985.839
142.308
250.71
84.048
932.066
372.753
510.331
977.874
656.667
709.555
782.373
870.876
180.212
540.849
53.4684
850.581
598.285
6.04266
126.377
345.225
616.81
515.305
687.399
46.3881
409.558
301.584
274.239
130.314
579.302
662.679
175.787
684.194
503.494
48.616
794.244
744.011
846.248
651.326
501.846
849.727
517.289
651.997
522.813
524.552
859.798
783.532
871.944
583.972
347.514
363.201
881.039
681.448
573.504
452.528
344.615
996.368
810.419
300.18
815.943
471.145
924.955
724.54
84.5363
503.128
926.786
591.723
366.985
497.971
933.378
45.7778
241.34
190.558
832.392
646.992
857.479
139.744
422.315
74.5262
453.566
303.201
313.028
550.066
710.898
98.6053
367.321
638.081
977.508
857.295
964.66
579.516
892.361
76.8456
868.557
814.844
441.145
378.857
978.545
852.87
975.036
577.685
748.405
141.362
223.212
767.205
551.439
96.1638
831.507
830.988
774.346
944.426
456.801
282.968
920.835
538.591
950.194
844.081
506.333
797.815
658.528
661.641
24.9031
931.791
376.812
577.563
769.677
104.709
982.238
351.634
787.927
694.601
280.709
246.071
752.495
804.529
98.0865
877.712
30.1218
182.409
146.275
744.011
728.568
204.901
696.402
329.142
3.17392
81.9422
589.434
196.417
404.859
938.81
616.443
973.174
550.035
930.54
798.883
634.663
894.253
46.5712
600.543
993.042
890.378
760.735
602.68
797.327
313.089
182.958
672.842
351.451
30.4575
869.869
159.52
55.8184
3.99792
949.065
143.223
778.924
798.608
714.621
275.307
465.407
383.435
349.406
236.305
886.807
505.112
930.479
344.31
940.794
414.35
374.065
345.195
405.774
227.485
476.302
915.738
556.841
703.848
705.618
910.611
549.059
720.603
903.806
885.159
974.7
225.867
551.103
924.558
500.687
951.903
752.19
310.831
992.187
668.874
599.17
59.328
28.779
261.452
67.568
855.159
219.764
408.368
102.054
421.522
223.945
147.191
47.6089
851.039
881.405
104.709
82.7052
930.815
362.316
675.039
810.907
993.316
740.104
925.748
666.585
323.771
894.101
514.084
291.635
655.232
148.961
394.238
538.957
783.074
556.627
596.667
259.102
829.707
226.753
860.958
526.749
191.076
612.812
403.638
462.233
695.883
158.818
601.917
305.673
8.97244
214.362
874.508
898.984
810.419
622.791
541.246
232.246
780.602
890.042
942.412
211.127
923.948
339.366
598.834
300.79
261.238
158.971
694.571
203.528
422.498
748.161
662.923
225.44
171.667
268.899
157.231
488.937
393.902
808.435
187.78
647.267
577.136
59.5111
705.893
257.179
319.132
924.802
416.456
466.17
891.018
950.743
100.406
170.049
388.745
998.23
228.187
298.074
503.861
55.8184
145.268
380.627
444.349
601.581
611.438
56.8255
37.4157
419.996
974.639
677.786
544.969
280.526
761.101
661.367
223.334
383.404
962.493
755.882
158.361
979.369
801.599
867.55
407.147
69.4906
257.881
609.149
977.599
591.571
134.159
225.318
677.236
998.444
945.128
51.3016
362.285
635.884
409.803
160.833
618.61
825.159
828.7
360.057
405.164
56.917
126.743
183.233
691.977
202.826
843.715
46.6323
623.31
150.945
853.145
216.926
237.495
771.111
90.8536
750.298
274.697
616.718
74.7703
58.4124
103.793
269.234
496.689
257.851
299.6
731.223
667.714
958.556
901.822
774.651
98.6053
648.366
886.837
650.502
995.911
329.325
883.694
65.92
955.321
562.365
665.365
835.383
633.869
576.067
446.76
111.362
681.6
596.667
520.585
602.252
714.347
54.4145
262.368
681.967
608.783
823.786
35.7982
798.975
901.028
152.379
29.8471
89.9686
569.781
436.415
558.611
605.426
986.023
497.33
855.373
52.0341
309.214
517.106
892.209
459.578
112.735
288.003
255.867
677.48
518.601
932.707
611.957
107.944
623.432
751.671
787.957
581.591
496.536
353.74
6.71407
781.732
531.785
726.005
301.798
123.966
433.851
399.304
645.314
497.177
620.746
366.192
820.154
771.752
323.649
906.308
567.705
481.826
165.014
976.989
41.9935
587.848
496.689
324.046
101.779
724.937
278.817
969.726
471.786
844.356
781.304
233.802
304.392
653.371
888.455
944.243
173.009
760.643
288.675
993.377
28.0465
932.463
330.058
896.146
147.404
366.894
823.084
506.516
612.11
391.675
572.222
548.54
338.633
492.141
916.837
117.649
199.286
75.4723
63.5701
809.412
261.361
877.651
490.585
631.153
677.114
419.05
205.573
353.282
255.013
415.265
138.462
456.099
244.179
549.15
450.117
328.593
362.774
510.575
38.2092
875.668
601.764
709.83
22.0038
189.428
835.505
571.245
486.373
441.694
769.982
813.166
267.006
652.821
260.475
620.289
58.2904
494.308
529.405
115.146
624.104
780.541
315.653
34.3638
393.597
806.299
487.35
16.48
223.334
186.285
148.137
407.147
606.037
352.763
769.372
988.281
108.493
367.687
378.43
537.309
318.766
205.573
335.551
622.761
84.6889
163.274
729.179
542.192
324.534
552.965
922.056
809.29
191.076
334.605
279
95.7671
870.754
844.05
607.349
34.9132
798.425
273.171
341.655
792.199
569.75
58.2293
3.81481
810.297
331.828
832.575
969.756
633.808
933.866
99.9786
74.0074
220.374
618.427
285.379
83.6207
644.612
535.569
318.155
572.1
600.33
859.92
405.408
225.379
608.509
792.779
150.609
110.324
336.07
230.293
674.459
937.712
932.585
378.796
893.704
850.337
790.399
98.5443
614.582
767.846
635.304
257.607
596.85
819.575
353.343
876.278
244.942
896.39
459.975
344.035
82.0948
852.87
618.397
490.188
664.083
391.339
112.796
788.842
88.5342
158.605
682.974
480.148
756.584
86.8862
626.362
888.913
542.009
510.239
574.297
721.397
25.483
87.3745
847.804
622.333
949.37
62.7155
800.195
772.485
549.089
896.237
52.0341
808.771
918.302
793.878
24.8726
847.835
62.9902
169.713
680.258
894.375
801.691
570.788
869.747
415.387
167.272
96.1028
202.948
362.011
467.238
841.273
839.015
419.355
658.345
399.365
108.371
766.564
191.87
950.194
370.739
127.659
986.084
968.139
15.7476
394.848
681.448
80.9046
12.421
604.907
835.841
109.592
913.602
550.981
215.033
821.772
721.854
809.748
835.475
428.541
522.874
466.384
914.792
357.311
292.825
317.637
387.371
330.973
785.485
835.047
140.141
284.921
906.064
668.661
625.507
153.356
477.371
973.632
7.53807
56.0015
804.895
339.824
497.452
916.318
946.898
606.586
34.9132
42.5733
95.9502
343.089
971.374
703.513
978.027
276.437
911.283
228.553
675.192
447.829
368.114
665.67
778.771
378.796
391.034
526.2
278.451
28.4127
818.262
649.464
94.3022
822.657
313.852
717.521
657.369
537.187
844.02
451.399
445.387
315.317
748.894
20.661
880.032
601.642
66.4388
696.677
491.47
272.897
264.534
281.411
756.92
747.581
37.3547
343.12
519.15
355.144
322.764
789.483
391.522
746.361
196.356
810.175
55.3301
625.782
798.853
719.901
856.288
587.848
952.94
732.719
605.67
337.626
625.752
199.561
993.286
77.8222
893.429
339.885
517.563
342.753
563.677
998.535
339.946
60.9149
113.071
459.273
968.78
127.567
94.7295
846.461
180.029
267.983
673.147
145.482
80.4163
473.128
442.244
373.974
719.26
788.934
182.775
934.294
155.461
740.135
715.506
679.159
386.09
170.324
506.18
721.366
41.9019
779.168
179.083
518.845
257.546
138.096
594.562
266.335
621.052
465.865
647.603
125.126
610.096
945.097
443.22
321.665
420.759
861.019
5.03555
646.809
595.141
343.822
173.528
386.456
353.862
995.758
849.483
215.491
40.1624
184.057
239.998
85.3908
581.378
281.655
262.368
637.501
374.248
635.609
762.352
172.796
500.626
546.068
703.33
709.769
678.976
35.7372
982.421
161.26
858.852
692.007
29.5114
161.626
864.101
362.133
846.278
575.823
991.15
983.581
640.217
221.015
968.505
330.241
711.325
832.698
183.996
955.901
746.391
805.933
585.803
116.184
178.137
743.278
163.427
950.407
765.069
340.8
415.265
704.276
47.7309
642.994
708.365
274.972
839.106
198.035
937.498
859.737
403.424
145.177
388.775
989.074
481.552
764.275
215.186
726.279
817.835
520.096
429.151
313.852
345.195
131.779
819.178
48.8296
685.049
698.782
696.615
667.47
117.222
414.991
878.78
21.2104
677.633
901.883
814.325
324.992
538.56
691.855
257.881
758.751
328.593
893.612
399.609
703.879
548.479
570.116
855.8
395.825
738.456
860.775
427.442
273.751
554.247
378.979
32.6243
808.802
407.27
916.501
718.589
91.9523
825.526
985.321
160.558
963.408
191.595
229.133
552.904
963.408
13.8249
235.023
299.265
887.539
386.731
776.452
407.636
225.837
797.357
19.6539
996.887
268.838
933.47
724.082
820.734
160.07
650.105
967.742
215.674
677.541
750.328
429.823
379.009
24.9641
736.839
760.949
382.946
413.831
190.497
72.3594
831.629
717.795
932.249
75.869
566.698
980.712
623.951
905.24
328.166
59.1754
965.667
150.273
776.452
181.524
144.261
135.624
782.067
703.513
690.664
974.395
389.08
842.86
401.013
428.51
358.776
673.757
479.354
107.395
699.515
161.84
556.413
35.2489
89.1751
521.989
742.18
118.992
596.576
679.128
367.626
547.807
607.715
114.292
572.253
655.568
363.689
876.308
393.628
277.383
15.8086
40.9864
514.969
131.626
604.816
398.724
327.342
258.492
870.083
651.845
462.508
46.4187
295.053
903.043
452.651
877.865
295.541
716.086
673.452
925.138
956.511
529.954
226.386
128.239
224.067
707.785
917.173
885.342
959.075
1.83111
985.443
487.411
757.591
715.781
743.431
828.425
946.165
345.347
778.588
421.979
656.27
978.973
876.98
255.989
385.632
239.143
323.832
516.404
951.933
46.4187
737.022
711.356
245.369
986.541
90.1822
226.875
686.3
562.578
81.637
845.729
794.214
113.071
504.898
260.079
774.224
677.328
777.642
109.836
527.604
589.282
285.226
577.38
992.065
81.1792
694.693
70.3146
218.574
678.304
895.749
23.4077
90.8231
665.609
725.12
350.902
93.2951
408.49
130.131
580.248
34.608
807.825
928.343
199.072
132.054
671.194
818.506
246.101
363.811
281.32
800.501
677.419
494.888
943.236
659.078
539.445
683.309
790.826
668.783
479.873
72.4204
634.724
175.451
627.674
275.918
132.42
211.188
373.363
161.687
61.6779
798.639
81.1792
840.632
978.942
100.955
264.016
266.854
43.5804
73.9463
252.327
355.693
289.743
776.055
888.73
25.0252
126.194
993.133
279.061
67.2018
346.294
333.689
131.382
257.027
429.029
451.338
714.133
602.252
412.03
550.066
964.507
143.132
118.229
829.34
778.802
207.038
17.5176
24.5979
15.3813
524.033
504.013
700.186
241.859
110.446
870.846
449.69
757.714
326.273
763.421
661.641
923.49
12.1769
392.468
5.12711
327.86
113.407
288.034
292.978
824.091
695.975
875.698
877.682
966.399
761.559
656.514
237.068
878.384
767.968
271.523
905.576
84.2616
260.231
232.337
407.392
334.117
520.005
599.017
348.064
954.558
638.142
386.395
320.139
756.127
917.875
980.377
780.023
28.5043
13.9164
344.768
551.164
655.049
714.56
301.065
111.24
877.285
772.057
661.153
318.033
741.508
688.62
495.071
731.376
758.049
863.46
314.768
187.078
804.743
7.32444
455
779.015
805.658
231.33
432.905
905.454
216.651
715.14
567.186
536.454
848.842
362.102
638.508
358.013
60.7624
346.751
871.944
949.339
851.741
960.997
22.9804
649.617
886.013
665.578
848.598
270.821
980.316
752.831
743.767
311.93
85.5739
526.902
825.8
831.599
293.649
407.91
246.895
635.487
901.12
866.237
16.5105
933.958
60.4877
592.822
114.872
126.835
51.2711
812.555
178.411
871.578
700.552
146.001
539.171
90.4569
985.931
926.603
898.709
74.0074
350.902
378.826
417.951
335.856
764.794
564.196
504.563
376.232
57.5274
501.114
78.6157
9.55229
561.602
364.452
598.163
413.129
591.571
172.033
625.629
552.202
792.81
863.124
216.834
138.981
890.774
175.97
913.083
780.45
871.609
230.72
618.336
472.182
125.95
223.121
142.277
94.1191
586.779
136.143
690.786
64.5161
392.407
875.423
84.5668
808.252
106.601
734.581
988.067
195.898
26.1849
597.156
928.861
609.973
607.868
780.969
389.782
793.847
545.64
931.059
754.295
140.721
529.618
868.282
386.578
577.898
217.78
798.7
627.979
703.177
452.132
790.826
990.204
329.325
249.702
926.572
327.525
93.2035
600.848
32.4107
268.532
285.501
604.907
396.71
688.864
557.207
975.28
379.772
506.119
659.627
444.777
322.55
578.692
873.684
102.786
660.726
988.922
284.982
195.044
649.709
492.386
560.656
417.768
607.532
414.686
384.716
237.098
81.576
776.452
207.556
265.236
845.18
928.129
466.323
224.372
130.497
476.15
932.249
529.923
4.54726
780.908
341.014
23.896
293.161
808.435
962.981
890.194
960.906
616.962
268.441
282.54
351.573
259.285
345.592
696.829
196.905
382.58
226.112
618.488
798.761
306.558
775.536
476.974
291.238
861.599
304.025
437.666
389.63
767.602
554.643
63.1733
531.51
835.475
224.067
375.103
816.767
771.844
673.482
347.148
652.791
868.587
984.649
361.4
511.002
358.531
18.1585
658.65
700.827
718.253
630.116
314.066
567.522
699.393
702.597
769.524
20.2948
369.945
145.543
453.932
796.411
946.226
525.254
522.538
368.114
697.439
475.967
246.651
898.434
703.543
551.317
85.2077
151.708
747.978
671.041
968.993
765.984
126.347
819.849
828.944
792.322
652.455
154.576
900.235
908.689
642.689
175.573
832.606
213.233
160.466
119.053
138.676
4.33363
301.34
226.142
11.6886
453.078
800.623
45.2284
43.0616
574.572
744.438
423.933
872.25
404.187
665.548
346.507
298.837
785.607
805.17
273.293
889.523
675.771
822.138
138.585
609.638
374.218
730.461
662.496
512.07
582.202
346.69
133.976
13.6418
698.294
28.4738
320.658
790.735
256.417
985.107
661.58
825.22
912.809
941.618
399.945
632.282
888.028
437.88
811.06
200.903
270.394
543.657
182.531
678.549
86.7641
270.486
702.536
331.217
547.38
462.874
912.595
810.236
370.647
448.408
881.039
256.813
594.317
229.499
753.38
275.857
779.29
497.238
836.024
310.038
11.9938
248.421
869.259
445.662
612.232
287.942
646.016
181.219
952.025
396.71
632.71
190.405
292.123
447.035
748.009
610.126
42.6344
246.498
956.389
885.495
353.16
391.614
832.057
702.414
439.741
912.473
750.114
39.613
554.186
989.624
860.775
870.907
2.28889
524.522
502.976
548.936
117.069
844.874
213.904
402.173
593.371
325.571
990.295
575.732
89.9991
207.434
957.915
647.816
505.814
394.055
105.625
52.4918
835.749
508.591
240.242
840.876
13.0924
991.638
817.988
810.755
644.856
521.043
809.32
537.309
45.0758
535.783
253.517
334.941
474.136
144.047
658.559
682.363
988.708
197.668
902.982
141.423
809.717
813.715
796.289
301.889
613.88
124.546
953.398
782.281
655.477
537.889
140.08
818.964
124.241
287.545
745.262
474.288
646.229
556.627
536.393
995.087
332.957
954.314
354.534
352.763
286.142
627.155
904.996
496.597
963.439
786.645
299.753
350.597
311.838
933.988
508.53
86.3063
75.045
563.189
373.882
701.987
180.761
624.256
347.179
439.65
614.246
527.055
601.55
71.4438
684.561
967.742
677.999
586.2
89.816
358.47
320.902
307.718
687.185
142.033
659.505
976.073
374.218
772.454
390.79
822.657
988.25
642.781
121.281
171.239
628.895
741.508
522.691
595.08
311.319
318.705
458.51
162.175
355.358
343.211
737.724
799.799
417.31
31.8918
651.357
309.03
570.818
232.856
948.82
61.3727
342.479
942.9
409.65
908.048
109.043
741.295
667.592
333.201
761.986
420.82
442.396
383.099
46.1135
597.247
836.512
401.257
478.042
578.57
852.199
102.023
251.167
275.307
785.791
13.0314
33.1736
433.027
654.958
818.079
62.2578
968.444
315.561
631.581
448.622
690.115
424.238
736.167
87.0693
185.522
902.799
814.173
87.466
155.004
60.9149
204.505
128.697
974.395
33.3567
216.437
643.056
767.327
687.704
30.8847
236.518
768.914
659.139
221.198
252.144
261.147
668.538
424.116
881.863
862.209
779.87
192.328
733.36
450.331
753.319
560.289
258.766
503.922
150.395
353.618
950.285
138.615
347.301
774.468
709.983
623.157
112.583
292.856
299.783
654.744
905.698
376.812
277.474
175.817
552.324
90.5789
325.48
12.6041
453.078
94.1801
378.399
117.588
981.628
74.0074
455.733
696.493
228.187
136.509
605.792
1.37333
745.628
196.02
867.214
71.0776
453.108
888.058
654.378
200.049
354.625
38.9721
472.884
416.883
228.065
223.945
371.319
754.112
941.16
443.648
35.5541
590.014
550.859
451.643
932.096
844.234
841.914
763.207
406.049
307.657
461.379
877.194
141.087
889.065
304.88
741.966
886.41
58.1378
311.197
996.735
857.692
267.861
321.299
19.4098
718.284
636.006
157.994
312.815
546.648
668.05
582.751
259.163
696.188
302.194
285.287
775.964
954.253
57.9241
563.189
902.707
905.82
569.323
846.706
850.917
908.902
284.402
725.883
548.326
587.207
611.744
635.701
208.106
246.864
295.541
855.586
955.229
123.081
300.607
979.98
40.1013
863.247
988.22
515.427
672.17
152.287
864.254
761.193
2.92978
887.539
680.868
629.078
291.543
807.825
173.101
559.221
782.586
984.588
211.097
187.597
328.257
80.1721
650.075
921.934
286.203
780.236
658.345
81.7591
723.533
305.765
805.506
759.606
458.876
412.183
691.427
58.7481
973.907
780.145
397.473
864.467
724.662
205.817
541.398
804.437
885.159
496.078
216.865
555.193
53.2243
474.837
599.109
150.243
951.14
7.17185
497.604
446.577
651.112
447.218
637.745
405.377
357.768
415.967
951.72
343.822
278.268
315.775
660.726
813.593
611.835
487.136
429.518
262.398
189.367
414.228
374.157
135.441
795.007
885.922
204.81
572.222
700.247
517.685
284.555
355.266
442.61
541.368
885.098
267.434
379.284
268.624
421.522
513.138
47.6699
134.556
946.501
360.851
863.826
727.622
685.446
661.977
189.795
712.027
894.192
403.455
301.645
49.1043
819.971
949.522
288.949
423.811
47.3342
129.063
417.249
282.205
9.888
825.373
984.558
386.975
949.461
223.64
203.345
296.426
103.671
373.119
139.195
673.757
403.394
220.038
237.22
832.514
461.104
767.266
467.757
424.787
131.535
517.411
622.242
678.182
425.977
855.251
791.101
87.5881
61.037
525.773
554.064
968.963
423.811
864.528
915.098
779.717
233.924
935.575
512.253
613.91
684.408
234.565
134.526
776.91
342.143
112.094
76.4794
846.492
589.526
574.023
361.98
126.652
887.997
615.223
368.206
900.204
645.558
742.546
881.741
386.303
968.902
843.684
116.794
809.534
81.2403
57.8631
728.629
486.343
687.948
804.804
351.115
335.551
70.2231
628.01
692.099
718.711
188.849
8.94192
715.842
16.8767
578.753
808.13
945.006
850.093
316.019
489.12
412.885
345.378
838.343
782.556
297.403
360.179
899.991
945.311
767.846
66.8661
443.373
271.92
75.7775
804.987
667.287
14.2216
421.43
607.105
73.8853
365.184
626.637
305.033
775.719
663.808
145.695
622.272
843.135
476.577
445.509
158.788
974.609
712.577
285.714
675.069
270.15
427.656
930.998
580.798
389.752
474.441
825.77
35.2184
877.621
654.378
763.451
564.989
933.836
527.94
80.7825
605.548
414.38
539.14
909.055
873.104
341.288
611.011
12.8483
972.472
703.177
867.763
248.604
147.74
828.7
640.37
172.582
581.866
113.132
411.512
831.538
150.884
379.833
856.166
265.419
40.0098
657.674
634.205
754.753
126.957
655.843
91.3114
343.15
539.201
716.971
524.155
666.555
291.269
530.351
166.295
620.319
408.49
385.693
551.256
895.505
443.19
249.702
408.46
915.525
789.697
445.662
749.016
204.352
704.55
218.116
296.731
717.917
437.91
963.469
921.567
169.103
382.733
407.758
230.934
878.689
647.481
513.108
975.707
182.592
959.227
393.902
426.557
927.213
302.713
23.7739
377.85
83.6818
202.582
15.1982
934.111
12.7262
53.6515
252.358
736.29
411.054
406.995
658.773
783.746
470.626
616.871
881.161
507.95
282.083
755.425
170.293
254.707
13.7638
201.209
240.577
830.561
896.878
807.825
389.264
269.997
549.089
58.6871
656.728
479.69
666.982
114.628
309.061
915.799
618.854
160.131
424.085
950.774
969.451
954.833
862.209
85.9401
467.116
996.063
403.211
666.036
525.651
199.316
330.424
251.686
731.101
502.365
243.324
306.742
405.347
299.295
379.894
355.998
757.683
111.209
230.049
270.028
655.324
399.304
721.305
833.216
544.633
926.786
757.958
251.015
553.545
575.762
395.032
753.441
307.26
25.9102
428.297
949.828
487.899
200.079
681.387
92.288
669.576
884.182
771.691
903.592
460.189
426.984
635.67
125.278
480.911
926.359
595.63
443.525
215.033
807.855
248.299
947.386
257.118
202.399
957.366
777.032
993.744
28.8705
230.201
117.466
247.139
188.147
761.345
194.464
913.205
774.529
422.62
428.114
124.393
711.173
982.055
401.502
969.878
715.629
832.514
799.768
303.049
1.43437
511.46
975.982
668.6
622.73
292.673
300.516
879.604
867.214
631.886
949.858
276.559
604.48
746.818
290.658
199.164
995.727
113.529
516.434
702.2
470.748
159.795
692.007
46.9375
379.101
937.193
862.362
999.084
221.015
52.736
382.58
464.583
865.017
641.865
124.424
494.766
657.643
663.228
716.178
191.626
832.514
297.403
471.938
544.877
124.027
730.338
166.723
731.895
992.798
102.298
313.456
911.802
368.114
904.965
98.056
44.8622
314.951
606.128
629.078
768.761
530.442
784.906
658.193
862.239
76.9066
557.39
427.259
328.562
257.576
575.03
799.005
628.986
40.9558
376.08
326.884
97.6897
940.397
372.326
420.789
70.1621
754.784
251.32
264.473
755.119
77.1813
76.2352
641.682
382.153
977.02
864.132
325.999
656.087
762.23
923.765
192.236
48.9212
228.187
734.886
704.001
961.272
298.746
649.434
935.057
283.7
466.475
196.234
779.656
390.423
937.529
270.76
509.079
95.1262
888.424
990.539
329.691
601.55
739.86
498.184
99.4293
978.912
854.732
492.599
858.638
194.525
566.027
770.318
331.675
233.955
941.16
557.36
55.5132
340.312
188.635
914.06
291.482
904.111
114.109
992.523
376.324
34.547
530.747
429.731
669.21
344.127
31.5867
656.117
750.572
976.714
29.1452
401.44
29.2062
411.573
468.886
179.357
413.709
73.8243
122.806
31.8308
204.657
282.815
869.381
314.158
863.948
569.536
865.993
802.698
816.889
894.681
20.2643
905.789
944.334
797.967
666.585
259.713
919.919
10.712
853.572
490.493
49.7757
562.487
149.48
422.987
770.135
912.809
371.471
518.387
459.243
139.836
144.658
821.894
720.634
717.185
697.684
200.812
792.505
908.963
800.714
155.431
240.913
316.263
252.632
983.154
592.242
604.694
822.84
577.288
61.2812
944.853
54.6892
642.384
31.312
197.027
836.421
606.037
442.518
371.471
145.756
9.91852
744.56
394.848
875.088
660.237
570.238
715.018
142.094
319.132
785.821
774.773
994.079
218.635
74.5567
885.891
910.001
177.953
710.044
535.081
8.51466
605.396
674.642
652.516
366.741
166.662
780.419
874.752
356.792
400.067
948.027
332.835
406.262
60.4572
300.119
997.284
88.5952
472.884
225.44
110.599
949.98
677.175
69.7043
739.494
978.515
644.917
610.126
976.836
122.532
349.864
968.841
825.678
763.939
973.205
122.471
296.121
552.599
24.5369
663.442
746.239
508.713
660.787
969.512
998.291
798.7
982.757
437.727
261.757
91.2503
592.12
939.39
394.391
899.899
189.245
151.28
531.938
817.774
493.057
921.049
618.641
51.6068
264.748
320.994
869.32
160.588
716.025
548.631
694.296
406.476
83.4376
328.135
118.351
621.54
650.136
971.038
225.41
0.061037
995.758
750.42
659.322
720.145
756.493
746.483
713.157
801.599
675.924
818.903
37.0495
106.784
228.187
862.056
497.085
889.859
594.714
0.21363
215.064
801.294
275.582
878.109
321.848
753.838
117.069
703.513
454.329
555.864
36.3475
198.004
528.214
718.65
224.738
112.369
817.133
343.638
110.721
462.447
869.808
496.231
863.979
142.033
296.182
971.862
721.641
69.1244
954.283
861.141
918.149
521.348
568.285
820.063
499.771
817.255
309.885
451.308
805.353
999.695
373.455
703.513
893.918
677.023
76.8151
693.93
701.224
679.189
518.632
861.476
205.878
684.164
323.557
856.075
386.486
471.633
506.76
70.3452
250.954
959.563
988.433
220.588
719.596
680.532
790.521
882.168
642.75
853.633
445.784
386.883
734.428
708.182
651.418
987.609
703.482
215.949
697.653
696.646
362.926
887.6
703.543
704.52
999.268
789.85
189.978
784.661
782.769
439.68
22.5227
591.082
500.015
731.773
254.097
254.585
389.996
555.162
899.594
184.149
364.849
255.959
173.132
479.72
396.771
601.642
220.038
862.453
352.062
403.882
873.409
528.825
53.8041
455.641
467.757
834.925
854.335
938.902
240.761
216.834
498.337
959.593
353.587
253.975
558.916
365.52
62.1052
280.74
226.478
503.922
69.5212
453.81
732.81
74.3431
591.815
680.288
191.046
734.092
167.547
313.669
132.847
611.225
742.943
23.7129
524.186
382.55
63.509
746.117
540.88
71.9321
903.867
118.686
885.067
225.867
166.112
310.251
923.978
621.845
379.498
648
432.356
166.631
630.726
950.194
219.489
140.08
457.9
970.244
422.193
440.687
738.273
858.15
745.323
989.563
101.444
45.8083
430.525
948.881
899.319
462.722
234.962
911.008
263.497
487.503
200.934
714.377
282.693
542.405
497.787
42.8785
829.554
736.412
117.283
464.522
69.7043
463.546
704.062
65.7369
183.721
362.529
301.401
337.87
332.865
543.87
295.175
471.725
400.372
490.86
335.52
716.391
539.72
540.696
518.845
959.197
60.1825
351.848
610.309
182.196
682.028
264.107
589.16
952.208
691.763
957.366
297.159
599.902
29.3283
315.409
471.877
245.064
837.977
901.395
946.074
323.405
508.194
950.316
294.351
771.874
747.368
285.867
708.243
528.092
705.802
67.1407
381.024
500.931
690.664
771.538
183.721
667.684
499.13
320.383
913.236
454.512
901.975
753.502
894.04
56.4592
308.634
358.592
214.606
853.145
145.39
662.191
379.925
576.22
977.386
187.963
661.153
385.327
906.339
389.111
923.917
508.225
274.697
660.543
216.285
601.917
207.831
837.642
898.007
490.371
25.2388
87.405
591.327
435.774
52.1867
598.682
736.32
599.109
863.002
977.111
30.1828
846.278
487.167
751.671
532.853
556.505
609.851
898.77
719.932
588.733
297.403
790.094
263.955
62.3493
279.855
470.504
825.709
109.043
321.024
672.475
636.158
251.106
707.968
472.701
150.975
563.28
390.759
998.108
558.641
273.904
803.919
86.2148
422.742
961.974
900.632
307.718
241.066
5.70696
431.196
255.715
201.453
439.924
997.07
509.476
916.227
877.255
911.008
177.923
416.486
650.533
395.642
429.579
187.506
831.996
150.945
914.975
526.109
285.44
822.199
488.021
1.80059
408.338
399.243
132.481
302.652
719.077
79.3176
499.588
246.986
946.593
623.371
963.256
242.683
778.039
737.938
599.384
974.639
920.896
514.054
995.025
602.222
635.762
453.444
293.771
247.658
396.313
114.261
384.136
56.7644
832.087
907.254
636.158
613.025
611.011
73.0613
93.6918
986.602
417.615
373.18
527.665
199.316
683.035
524.43
256.874
386.822
223.395
908.963
142.979
439.467
442.549
591.235
665.12
402.631
255.44
172.369
481.155
418.378
388.684
514.176
381.451
489.273
214.118
863.002
41.3526
845.607
771.813
405.713
478.896
197.455
138.89
788.324
623.676
652.944
800.317
628.773
903.531
583.361
177.648
555.284
254.799
217.2
972.777
800.958
462.935
243.751
481.46
886.746
239.021
207.709
534.928
423.17
939.451
976.257
223.823
562.731
333.75
59.1754
61.861
133.702
328.318
64.4246
745.445
987.03
50.5081
69.0634
164.8
587.085
201.239
187.963
823.695
378.307
80.5994
120.579
323.283
957.976
194.342
957.884
66.9881
586.962
845.943
29.9997
842.158
70.0095
621.723
76.4794
434.675
535.997
174.718
519.608
933.622
149.907
213.538
122.837
881.1
287.912
102.42
815.18
924.284
206.214
979.4
962.676
125.523
735.771
797.418
868.618
587.146
33.1431
196.539
783.532
546.525
919.767
611.713
205.786
598.621
839.717
523.362
755.15
201.361
968.596
256.905
399.06
120.64
503.403
237.312
314.402
970.885
665.853
104.831
164.861
507.675
449.293
598.529
75.5638
828.639
641.499
613.422
86.52
138.585
153.752
337.931
365.459
235.633
188.116
877.407
961.913
373.974
273.507
270.516
383.496
659.963
702.506
304.147
775.842
637.898
399.487
33.6924
986.999
221.076
751.976
414.411
298.105
625.172
435.713
950.56
101.23
459.517
765.709
768.181
305.826
633.168
603.229
18.128
754.723
231.33
351.299
15.3203
431.318
18.9825
68.9413
20.661
739.158
727.683
236.091
71.5659
634.602
781.518
199.744
767.968
894.772
619.282
833.583
419.111
301.065
268.258
441.115
458.541
20.3558
326.121
434.767
532.426
964.293
7.59911
821.223
168.065
408.582
411.725
24.72
429.09
653.432
665.822
79.7754
462.569
5.92059
102.939
723.869
345.622
866.207
128.819
422.01
136.631
198.065
934.263
854.305
538.102
166.204
709.616
897.397
76.8151
219.855
517.502
631.428
208.106
405.805
479.995
403.729
249.947
190.558
436.293
480.209
553.453
573.778
727.714
316.019
816.187
773.98
265.542
976.623
943.846
267.739
538.53
740.318
367.504
463.637
716.086
413.984
221.839
792.169
503.22
392.621
291.025
492.996
904.08
994.537
128.574
880.734
549.516
102.908
257.088
370.434
745.689
645.65
854.518
44.0992
899.319
943.907
832.698
39.552
476.455
461.348
715.171
542.65
150.517
985.015
219.611
664.357
295.999
768.761
952.025
983.947
484.268
671.285
117.985
39.1858
137.394
819.269
658.284
545.518
996.765
827.265
714.255
624.226
561.815
105.289
829.554
822.565
156.407
285.928
794.58
205.329
777.917
301.431
539.659
300.485
385.907
142.644
983.276
179.327
786.615
830.927
241.554
452.62
769.189
633.93
105.777
464.217
650.38
57.0391
192.969
462.874
883.419
641.438
677.236
34.2112
887.844
99.6429
7.14133
573.382
756.096
820.948
515.61
80.0501
993.439
276.345
328.776
57.1306
947.142
356.09
479.934
794
81.698
169.103
634.693
815.729
755.73
337.474
333.75
779.992
657.094
315.561
159.642
601.856
552.568
766.411
733.299
88.9615
508.225
525.437
947.142
867.183
236.702
183.813
340.709
878.903
727.683
821.955
25.0862
234.748
817.804
924.375
62.4409
699.973
856.319
8.17896
706.809
596.881
122.806
995.087
412.519
404.706
152.898
858.73
16.5716
837.703
628.437
579.333
0.762963
683.187
988.647
935.606
240.547
180.7
417.829
165.929
146.092
223.151
366.71
30.1828
602.496
161.657
262.764
302.835
614.826
495.193
566.759
229.255
64.6077
226.051
830.683
976.073
483.932
162.847
914.457
606.647
253.243
951.842
16.5716
613.697
129.337
117.924
675.985
539.415
509.72
897.061
400.281
714.774
339.274
140.385
77.7001
649.403
66.1031
72.4815
828.272
103.03
552.355
183.782
450.545
369.671
346.049
39.3994
120.731
806.146
221.046
285.165
499.557
135.777
390.423
632.069
903.775
559.221
299.966
100.467
698.447
202.307
408.216
305.49
566.149
934.05
858.943
64.4856
809.229
84.1395
452.345
108.127
341.624
92.8068
821.558
176.153
526.536
623.035
220.313
279.366
515.732
167.119
828.272
408.582
247.353
678.823
980.102
472.365
757.988
261.757
224.708
744.346
965.484
446.059
620.869
601.642
578.753
83.7733
175.054
835.536
290.933
395.184
828.791
315.653
911.527
196.234
900.235
288.98
594.745
839.167
387.829
94.6074
819.605
897.214
41.1084
576.342
278.207
124.638
605.518
973.022
328.501
723.624
147.038
569.323
167.669
448.622
863.704
887.265
382.702
580.279
288.888
699.85
33.8145
299.6
294.321
648.518
927.824
493.637
797.418
745.109
236.427
524.186
580.309
540.117
117.527
990.753
126.499
237.831
493.728
18.4332
881.222
540.452
645.863
103.183
841.639
501.419
777.032
44.1908
884.06
170.415
203.772
996.033
732.871
310.007
330.18
170.629
979.095
966.247
61.6474
221.534
53.3464
173.742
814.234
840.48
560.686
577.013
776.055
598.346
882.534
248.848
576.8
561.602
452.895
487.442
21.7902
715.171
614.368
872.951
46.6933
723.35
460.463
365.398
549.089
59.7247
570.727
724.876
253.456
37.843
44.4349
34.7301
265.45
772.82
739.647
610.248
471.877
606.616
123.112
72.7561
442.763
26.9478
638.478
871.364
991.485
611.835
997.589
32.96
49.3484
30.488
302.377
422.346
11.0782
632.71
402.783
292.795
206.977
656.514
397.412
409.528
658.406
587.024
683.065
526.139
772.851
696.524
458.998
496.292
134.434
297.464
93.0509
801.019
46.6933
739.677
254.952
773.522
983.184
683.004
223.548
302.316
602.802
676.412
274.087
294.473
485.885
575.304
552.049
679.434
246.986
827.54
339.183
235.267
180.975
160.222
118.748
18.7689
98.6969
697.989
345.5
679.769
508.225
44.0992
327.219
441.725
798.029
355.876
123.875
29.7861
578.448
945.311
870.296
326.945
837.642
436.323
429.182
40.3455
68.0258
10.3458
780.602
158.269
19.9591
770.348
53.4989
479.781
238.441
755.73
606.677
997.345
39.1858
638.783
64.3941
414.838
80.752
633.93
713.553
581.103
188.177
651.234
168.249
120.914
585.223
225.105
708.518
44.6181
190.649
249.947
198.553
617.206
135.685
53.3158
991.974
268.715
158.025
838.71
729.087
826.807
29.2673
28.0465
433.21
852.626
671.743
536.729
812.281
361.858
120.853
510.544
171.178
711.509
989.959
557.604
842.524
933.866
592.547
5.15763
540.269
299.295
379.833
213.202
544.359
388.592
848.262
475.997
121.006
456.313
574.48
542.619
85.8486
366.466
533.219
288.034
916.013
881.802
354.9
565.874
316.843
587.573
678.579
773.736
650.624
231.666
257.21
163.121
132.176
761.834
970.855
424.329
198.767
841.273
404.462
578.326
960.021
124.271
146.428
706.29
133.732
72.7866
463.851
548.326
375.103
595.111
511.277
502.701
403.882
288.156
728.66
56.5508
837.214
564.776
585.223
179.662
133.518
446.516
325.175
712.18
554.125
304.3
871.7
277.779
548.57
327.006
545.091
753.777
470.138
0.305185
752.159
828.455
27.4972
376.293
302.042
678.365
379.284
415.296
505.631
295.297
277.017
181.402
714.072
495.376
163.61
172.674
453.291
140.69
632.832
567.248
810.358
605.396
156.438
666.952
227.943
16.9378
485.397
319.224
363.414
304.147
630.696
598.956
168.554
582.965
830.897
531.114
846.126
911.496
412.091
135.899
839.808
945.463
946.806
577.41
513.596
525.132
617.603
696.677
676.626
725.394
192.694
711.264
610.401
399.67
518.479
361.766
753.746
749.504
936.247
286.966
702.536
950.529
528.794
908.719
680.105
366.558
603.656
607.746
134.373
382.702
318.522
471.999
618.549
388.867
855.8
398.206
610.828
944.884
51.9425
828.394
430.28
658.62
888.638
902.249
904.294
808.161
750.877
306.955
944.426
239.326
859.371
605.487
686.666
570.025
782.891
324.381
352.428
232.185
436.903
583.056
486.435
383.282
474.807
544.908
727.805
217.627
477.889
472.243
770.714
709.983
850.703
665.761
670.522
321.482
827.296
70.1315
152.196
700.186
495.376
827.021
76.5709
906.613
244.24
556.2
721.305
196.081
542.619
646.962
32.4717
889.157
452.956
340.068
503.098
360.698
788.385
882.26
834.864
680.044
318.247
534.104
39.3384
931.974
929.136
712.912
134.922
751.366
146.58
51.088
95.6145
101.444
925.199
652.577
208.106
827.754
111.667
326.914
493.271
18.4332
488.876
83.7733
348.43
702.841
805.353
668.142
66.4388
918.79
697.958
417.829
388.134
680.593
913.266
224.677
744.163
878.689
733.757
880.245
342.296
641.804
15.7476
587.634
757.256
193.793
744.56
920.713
178.106
735.435
513.657
11.597
970.58
383.038
833.857
248.299
709.708
695.029
678.884
262.734
339.824
817.469
173.528
491.745
617.45
780.145
830.5
91.0672
493.728
974.212
242.378
484.42
592.639
342.723
635.212
328.318
441.023
315.378
189.154
174.505
606.952
18.5553
533.403
610.553
402.448
792.077
320.902
160.344
306.955
543.687
289.651
725.761
767.815
973.052
716.361
850.368
533.738
195.654
668.874
586.657
178.014
798.853
964.08
248.299
967.315
860.195
236.641
828.181
732.17
960.601
25.7881
363.536
896.237
722.343
285.409
30.1828
319.437
903.958
224.738
245.918
112.125
583.026
885.006
565.233
76.2047
458.022
358.837
646.229
929.258
800.501
58.4735
71.0471
968.169
89.1446
939.055
301.126
328.806
856.563
83.0103
548.326
497.147
780.053
552.568
843.471
228.828
548.112
915.494
83.285
533.311
533.433
351.238
337.291
878.445
803.583
743.431
195.441
272.164
501.144
664.754
438.185
377.453
124.149
660.756
810.114
316.507
737.999
738.884
178.198
320.963
650.441
468.49
856.227
883.633
580.615
598.834
376.232
568.834
853.603
600.604
488.845
137.059
651.418
37.5683
673.025
140.202
852.016
174.78
936.979
643.941
487.472
729.026
191.321
233.1
352.458
168.279
975.982
956.786
794.427
466.323
821.253
368.816
216.651
718.497
25.544
320.566
325.449
525.193
130.1
661.641
652.73
548.997
872.127
504.99
385.113
152.165
897.855
213.202
31.312
520.157
16.5716
761.132
958.22
177.892
277.017
632.191
327.403
304.941
647.023
903.775
463.759
755.455
578.112
678.671
186.377
189.734
236.244
518.235
133.976
223.457
679.525
33.784
615.589
0.183111
764.58
292.581
17.9754
94.6379
62.7766
194.281
300.76
151.799
567.4
474.593
610.889
168.828
472.823
491.928
547.319
825.861
807.855
453.658
107.578
771.508
202.979
238.044
846.919
270.18
574.48
468.001
281.747
116.764
5.15763
993.255
68.6666
224.921
603.992
436.659
989.715
795.923
625.172
961.699
275.796
473.312
628.681
916.379
299.265
390.576
962.615
510.819
166.753
517.411
349.315
183.844
243.721
211.035
856.258
815.79
141.85
378.979
32.6853
442.64
200.72
159.429
494.064
629.017
994.659
525.224
734.306
155.156
896.268
718.162
448.469
174.78
228.126
919.523
145.97
499.832
33.3262
63.0818
336.406
168.584
996.46
197.241
68.5446
953.032
546.22
301.828
104.526
961.913
671.102
966.613
509.568
996.094
479.019
837.092
939.39
811.548
32.3496
234.321
405.805
947.417
489.792
854.793
802.484
274.239
85.757
956.481
971.16
919.553
979.431
937.59
590.594
726.249
503.494
714.225
668.966
900.998
845.424
802.942
920.774
7.72118
690.725
514.725
810.022
963.5
860.988
166.509
540.574
192.389
477.035
716.727
775.018
593.921
678.793
730.461
363.231
482.04
432.936
81.4539
862.178
151.28
459.944
296.518
127.72
226.02
811.182
948.485
760.125
448.958
127.873
4.60829
684.103
65.7674
113.041
536.271
645.253
461.379
247.261
695.883
903.378
204.443
280.068
368.145
904.599
156.407
527.94
401.013
212.958
801.325
510.117
823.115
483.444
452.223
953.734
953.642
756.706
491.379
698.996
811.365
857.906
299.265
536.454
728.416
179.907
29.8471
506.76
575.426
632.679
887.448
694.784
504.501
39.7351
61.8
49.1348
615.68
763.604
977.996
258.187
453.719
840.297
16.48
214.026
741.173
405.438
360.637
95.7366
253.883
692.557
127.049
602.771
245.521
384.442
435.621
370.159
327.097
599.872
575.06
96.6216
207.648
295.969
920.621
416.639
202.948
367.931
759.85
48.1277
917.478
227.271
682.852
246.712
6.89718
139.866
693.258
97.6592
426.74
105.014
696.127
677.297
73.4886
556.627
519.089
614.551
224.86
668.111
122.868
84.3837
684.713
541.887
157.598
763.817
39.6435
65.0655
521.104
782.25
933.134
712.333
75.1366
197.272
763.115
77.0592
176.489
26.9784
710.257
412.824
178.503
370.22
502.121
965.239
559.496
645.833
819.971
376.537
834.651
482.62
754.479
943.51
907.163
290.658
216.529
10.0711
15.1067
45.5947
709.342
276.193
930.387
317.179
368.053
303.69
565.6
72.9087
673.269
0.762963
645.772
288.736
744.713
366.375
600.452
897.214
620.899
275.369
332.835
105.167
431.99
586.108
22.248
611.53
870.754
351.482
615.894
756.829
869.106
414.869
166.326
135.685
885.922
171.728
671.133
703.391
712.149
778.985
570.299
907.773
200.018
592.364
558.641
877.865
822.352
114.078
868.496
200.323
467.879
230.995
679.495
315.287
379.528
25.3914
811.67
62.0136
641.285
939.238
357.707
406.934
120.182
572.924
411.359
883.877
269.784
900.418
547.319
778.985
700.949
181.372
209.601
590.716
926.603
352.092
664.388
796.533
186.621
175.665
673.299
457.595
759.117
933.927
544.023
692.465
663.839
940.825
713.797
551.195
164.983
660.085
522.507
321.329
978.881
707.114
331.462
796.289
592.7
517.075
644.154
538.347
601.337
960.417
385.144
666.952
467.452
686.453
993.53
203.253
612.232
477.218
486.831
503.189
241.92
392.163
152.287
809.168
817.347
984.893
20.9357
452.315
571.978
373.608
781.426
736.564
985.382
446.577
289.193
35.2184
617.573
983.032
328.104
132.115
211.371
971.74
779.809
337.84
468.429
908.17
857.814
412.702
405.042
350.993
562.212
827.662
694.876
520.096
11.3224
394.208
903.775
216.437
806.604
794.946
23.6213
845.759
86.8252
45.4421
211.249
826.746
428.358
419.324
138.554
165.563
246.834
867.183
860.469
477.34
857.631
461.104
606.433
236.213
850.276
895.84
402.203
535.478
933.927
577.654
927.793
138.218
909.513
332.56
518.143
100.589
925.474
264.84
712.577
748.589
672.414
797.113
259.285
289.254
674.001
423.475
981.14
838.496
329.325
206.671
409.162
145.39
864.04
550.645
589.77
795.923
845.18
279.824
972.137
175.481
417.554
556.2
781.701
973.388
916.41
665.548
786.645
508.713
13.5197
204.077
862.697
660.482
53.0107
696.829
263.527
682.028
732.414
178.747
1.9837
681.661
785.821
769.982
249.306
50.4166
825.587
776.635
157.933
618.702
998.077
348.155
14.4658
822.077
610.126
222.51
128.941
658.62
382.794
590.594
366.71
718.345
488.052
610.92
729.118
66.0726
24.8421
606.189
889.248
259.194
91.1283
472.488
89.0225
281.259
107.669
332.713
304.025
673.116
550.188
965.484
81.698
642.323
745.659
40.4981
960.204
432.417
889.737
692.099
873.135
733.238
940.855
461.47
447.127
413.343
547.502
139.897
598.193
356.243
665.242
543.016
332.957
681.173
18.9825
748.314
161.504
129.765
67.6901
826.777
27.6193
900.449
626.942
599.841
163.03
710.807
805.994
452.803
771.386
370.128
415.845
736.625
949.004
642.781
503.8
788.263
747.856
683.798
171.606
101.84
787.591
828.12
332.835
681.356
322.459
14.5573
566.027
106.052
169.774
625.843
719.81
340.312
405.744
25.5745
426.16
818.628
235.176
574.358
178.35
837.306
941.496
404.981
129.124
784.112
322.611
739.097
266.305
237.129
520.066
26.0018
121.403
463.79
646.138
684.988
667.592
351.543
116.794
732.322
563.524
301.828
95.6145
74.3736
399.152
117.679
955.199
748.039
99.5209
417.005
162.664
889.523
143.223
602.374
495.132
712.943
751.488
918.821
991.394
280.19
704.184
630.696
546.281
342.601
939.085
848.994
554.003
36.5307
590.564
40.1624
506.272
713.584
624.073
748.039
951.933
686.605
722.282
559.587
724.082
173.498
579.882
846.431
841.273
218.94
262.429
312.723
988.281
876.339
786.126
881.13
983.764
430.403
574.48
947.63
140.172
942.442
948.119
537.034
922.544
898.679
304.209
390.057
812.372
243.721
141.392
513.199
782.861
579.943
586.84
222.816
291.757
813.959
581.317
214.515
197.913
31.7087
378.918
689.383
508.011
883.663
517.441
67.8426
359.63
260.262
915.555
322.947
146.764
540.544
253.273
463.668
194.372
193.396
292.154
200.232
887.906
14.4047
290.628
322.214
663.9
778.069
171.789
820.551
768.822
587.573
599.2
285.195
190.924
703.055
617.023
609.485
672.811
129.704
11.1087
531.968
210.028
746.635
46.9375
47.9141
942.259
258.278
740.532
220.954
843.44
749.199
319.254
426.099
116.855
123.569
27.9855
556.2
701.743
210.913
937.376
222.175
797.113
818.842
910.154
478.683
809.778
514.451
382.214
106.449
632.313
415.51
114.078
982.665
657.277
772.515
569.536
570.116
434.095
623.28
77.1203
57.1612
374.767
300.607
431.715
179.144
414.594
75.3197
91.0978
252.48
34.2723
714.682
624.989
453.322
549.699
238.472
572.008
871.334
75.1976
653.645
361.248
370.037
67.3849
948.332
454.512
785.424
854.946
127.232
365.368
493.21
61.037
569.323
711.57
876.919
324.808
488.571
956.908
727.256
227.577
780.084
998.718
104.678
830.775
31.7392
257.363
695.914
730.979
983.459
423.902
195.807
39.2163
214.606
522.202
746.178
190.252
341.655
441.816
962.004
987.854
506.363
597.797
577.258
793.054
436.506
873.531
240.913
261.147
860.164
503.433
494.461
533.647
554.491
50.8744
462.63
291.574
810.846
138.462
288.003
576.495
596.973
86.1843
841.09
785.119
197.638
114.292
737.053
744.285
615.345
266.701
190.344
272.011
511.673
711.386
738.517
131.291
971.191
574.053
366.222
782.708
868.74
961.241
61.0981
841.823
121.433
328.928
332.438
648.457
606.891
853.511
724.052
853.145
28.4433
960.54
852.26
427.351
509.201
668.081
1.06815
4.12
195.349
901.059
804.743
954.802
651.234
431.959
49.4705
108.31
325.938
605.365
126.133
519.547
873.928
501.419
163.732
192.328
610.096
695.395
376.476
164.312
881.069
268.929
654.622
859.004
633.686
229.682
930.815
111.667
962.035
995.3
353.038
775.719
913.999
98.0255
795.587
314.768
339.366
766.625
738.945
287.82
59.6332
540.941
50.2029
133.091
141.606
576.403
695.212
156.743
555.834
794.031
913.358
133.335
0.793481
532.426
886.685
423.383
174.596
857.845
434.339
15.1067
275.094
188.94
763.817
396.191
9.76592
392.132
809.656
661.702
896.634
3.69274
191.839
764.794
137.303
735.527
324.198
315.958
843.928
919.828
704.581
837.916
900.357
49.9283
917.905
880.978
239.753
72.9392
383.282
906.919
819.391
590.35
376.812
345.897
73.7022
623.341
360.607
734.001
127.476
98.941
149.907
336.711
549.791
712.76
949.522
165.349
930.357
325.083
790.216
792.047
59.2059
546.556
397.168
869.747
991.516
669.424
21.1798
763.939
777.917
600.757
263.863
201.422
142.521
953.795
428.388
343.547
889.34
954.009
426.893
188.726
318.125
315.47
775.628
712.088
431.959
744.652
709.433
647.114
216.285
226.875
946.471
316.446
772.118
752.77
134.556
417.615
583.483
640.034
510.636
170.08
701.437
107.212
804.071
730.064
124.76
256.05
915.494
278.787
159.673
117.618
402.326
691.336
39.0027
919.828
302.225
191.351
582.415
231.391
325.358
898.709
179.022
139.378
947.539
675.558
873.47
115.848
434.584
178.014
836.665
730.522
329.814
518.723
2.68563
865.139
435.743
447.096
152.989
586.261
820.734
453.658
228.797
332.286
882.931
703.97
153.63
571.459
1.43437
209.387
946.715
586.413
807.337
140.08
408.582
542.344
604.205
687.002
160.375
494.43
971.282
378.735
317.667
490.951
78.5852
260.17
580.462
428.358
747.032
838.191
20.4779
814.722
783.105
201.361
346.904
97.2625
620.808
220.038
931.791
711.051
801.325
232.246
376.659
504.227
321.543
122.562
901.364
696.738
383.526
199.622
336.283
28.4127
574.969
778.832
999.451
252.632
13.0619
876.247
239.601
632.191
482.345
920.164
926.725
593.097
97.6897
886.471
670.522
193.03
524.461
764.214
49.4705
560.503
285.989
757.225
630.329
960.662
190.588
128.513
59.9078
644.826
408.795
93.6003
10.7425
138.92
232.246
668.569
261.116
128.117
45.5947
879.788
691.366
593.036
542.283
241.066
477.309
354.228
715.995
904.691
262.307
681.417
658.589
392.376
589.007
122.99
696.005
312.876
371.99
212.806
893.185
971.77
693.106
210.028
459.517
280.282
699.667
528.397
85.9401
869.472
888.119
11.2308
744.774
814.997
553.117
708.609
983.764
880.306
684.317
312.235
245.613
683.004
91.3419
905.362
244.118
691.733
38.8501
182.928
928.037
459.029
172.246
799.036
64.272
997.162
15.9612
997.162
971.526
702.322
825.159
180.395
435.102
734.336
72.0237
576.983
335.429
257.363
348.552
657.857
19.8675
448.439
965.911
462.477
950.499
679.708
32.8379
489.181
658.254
780.633
293.832
306.04
535.112
786.767
507.859
538.865
495.254
80.9961
649.892
392.163
36.8053
333.567
715.567
359.905
735.099
147.16
410.84
281.686
698.721
813.532
507.645
400.983
20.0201
87.344
146.55
581.561
750.816
384.259
868.343
338.389
434.431
308.725
654.988
839.228
726.432
918.394
761.956
533.158
133.549
630.757
622.456
562.273
403.729
179.144
605.518
613.025
597.43
523.301
908.658
362.865
371.96
121.433
366.497
179.449
509.903
470.107
456.954
227.332
222.938
317.454
285.501
639.76
262.398
456.984
829.554
910.672
367.473
507.431
223.731
163.976
82.9188
585.101
367.443
456.008
476.76
275.43
635.884
767.144
789.972
809.229
975.86
839.381
548.753
850.337
167.638
515.976
171.3
801.08
534.135
738.945
599.597
31.2815
878.384
861.263
988.067
937.559
931.089
429.731
980.01
238.716
88.8394
94.6684
603.412
414.045
725.059
803.095
316.752
690.115
853.816
930.876
236.763
482.742
429.121
511.216
78.9819
700.613
59.6637
214.484
842.433
815.821
421.216
236.702
769.677
108.982
147.191
752.22
613.575
993.805
479.293
87.1303
741.966
828.364
459.059
269.814
111.24
118.809
941.527
114.475
640.706
521.958
212.622
494.156
18.1585
552.904
491.348
959.716
468.734
403.912
97.5677
360.21
517.624
781.213
567.736
622.303
278.298
165.044
498.428
343.12
297.464
400.403
400.311
354.808
487.594
23.6213
342.418
915.281
178.961
231.849
669.485
682.424
821.924
901.212
572.008
128.117
370.708
559.954
791.681
547.349
880.367
723.289
242.5
319.59
347.514
495.346
829.371
578.509
326.975
845.271
244.881
945.769
354.381
463.301
26.307
485.946
707.358
603.107
653.279
538.041
535.295
816.919
967.772
580.432
889.95
989.166
697.775
785.18
687.246
575.426
365.49
418.012
132.45
452.834
361.888
740.379
639.058
287.545
468.062
569.475
773.309
826.624
605.487
153.111
255.287
19.5929
95.8892
514.908
547.99
376.598
212.134
926.511
65.2791
468.917
301.462
663.228
530.564
978.454
262.032
698.965
516.831
202.155
654.5
496.719
699.881
418.043
229.438
551.439
855.312
18.4027
152.074
840.602
131.199
817.347
705.527
839.534
627.4
437.727
753.807
257.424
812.494
185.156
745.872
150.243
810.175
314.127
541.917
566.79
85.7875
92.9594
843.196
384.32
564.806
574.114
506.546
489.761
713.767
475.57
525.071
963.073
615.68
79.8364
955.87
418.409
570.879
556.963
576.464
160.405
254.128
617.359
551.042
310.373
960.082
901.151
887.448
560.076
967.467
10.0101
966.704
708.365
554.003
587.878
925.871
637.44
692.74
356.639
175.817
884.701
961.425
513.352
834.956
466.628
695.822
394.848
360.088
110.843
918.729
816.218
156.041
552.599
75.1976
989.41
444.929
51.973
106.204
428.083
176.214
788.11
890.927
745.293
259.621
286.416
589.648
749.504
900.906
535.691
918.455
746.239
322.703
950.316
886.471
450.636
651.54
834.925
27.5887
417.859
251.778
507.004
657.369
397.107
288.308
734.123
186.529
515.976
798.944
641.621
22.6142
700.797
57.7715
747.612
90.5484
239.875
510.849
280.74
503.555
895.505
65.4012
437.757
415.967
470.656
13.8249
736.686
588.763
237.8
373.486
121.799
699.179
134.373
924.131
977.203
925.81
132.908
723.472
704.184
840.388
690.542
382.916
19.9896
137.333
685.354
883.877
633.229
232.612
745.079
216.651
452.254
262.734
374.706
622.822
983.489
515.671
788.995
722.129
75.045
824.427
856.563
305.734
662.587
954.894
61.3422
76.5404
673.086
519.12
888.119
117.985
743.339
445.112
537.706
372.814
909.055
534.532
379.04
912.595
920.774
139.622
43.3058
279.672
343.211
490.555
567.309
682.699
94.0275
704.123
491.501
326.731
578.021
5.73748
319.834
659.505
73.6412
195.379
246.803
814.814
527.512
888.791
558.428
34.669
413.373
565.447
613.422
350.963
811.914
954.711
810.48
308.206
367.29
790.368
448.317
8.66726
277.139
466.475
884.64
260.903
971.801
624.134
899.716
113.041
639.393
201.422
671.865
552.171
252.724
977.599
270.089
650.868
254.585
142.43
70.925
942.503
557.299
922.391
4.79141
305.857
13.0009
794.549
39.3994
141.331
11.1087
319.803
805.078
118.809
358.715
126.316
769.341
279.611
100.406
74.7398
866.42
772.729
434.156
136.235
988.037
7.416
378.765
14.5878
241.859
502.915
349.681
43.9772
383.801
216.651
299.326
393.078
330.302
632.313
578.051
107.089
156.957
388.745
171.88
19.2267
489.792
731.437
473.952
62.1357
695.303
567.156
244.789
11.3529
775.628
403.668
918.699
191.321
375.011
955.229
911.985
175.787
803.888
695.456
89.3887
13.6418
486.618
138.707
45.0453
10.9561
739.586
131.291
353.923
601.55
285.409
933.5
450.392
336.131
409.894
374.035
290.109
522.233
167.608
858.15
451.033
545.488
542.65
510.025
830.47
404.004
970.855
231.727
593.799
486.862
129.276
959.166
531.602
127.781
400.037
896.39
481.216
965.789
913.511
10.1016
968.841
643.422
578.356
564.867
728.721
874.325
4.18104
980.56
255.654
411.115
722.678
793.481
46.5712
944.975
614.002
2.16681
688.345
467.94
944.609
579.394
446.944
129.612
922.452
430.982
515.397
119.083
176.153
583.636
575.823
603.442
64.2415
882.29
832.179
254.372
220.588
978.484
170.202
393.719
242.592
891.049
600.299
289.56
928.129
920.255
640.065
633.869
967.498
196.814
792.352
732.933
496.811
646.901
775.384
442.244
418.928
654.164
661.153
376.476
898.19
200.751
578.143
426.16
935.24
767.602
134.617
112.4
428.175
776.086
219.398
810.663
626.362
851.802
335.063
374.676
382.824
691.824
121.342
192.511
112.125
816.828
223.731
205.084
859.127
989.166
164.281
919.126
385.54
578.173
370.495
945.097
680.593
654.195
18.6773
92.349
801.111
92.0438
848.17
551.805
448.439
465.773
602.161
197.607
187.902
15.4424
252.174
539.689
716.941
467.818
661.611
357.463
88.1985
991.333
845.149
546.8
294.443
67.3238
480.148
210.852
120.457
558.702
826.258
526.383
669.21
756.767
709.25
416.791
467.757
687.948
725.883
562.975
559.923
461.806
325.541
783.349
491.012
940.855
925.138
314.127
591.754
514.145
713.218
21.5461
467.238
255.745
300.302
76.632
97.0183
248.878
870.693
124.332
452.986
357.707
992.553
477.981
40.9253
227.363
742.821
370.342
272.378
793.817
302.225
792.718
72.4509
84.7804
677.938
952.91
630.604
593.066
708.64
883.877
700.003
2.86874
9.79644
233.863
352.062
551.714
14.2827
769.494
592.303
807.52
764.794
622.73
743.736
143.437
614.765
813.837
4.08948
691.336
493.667
80.2332
83.346
54.384
892.941
543.931
327.097
561.541
228.828
247.475
232.917
343.425
738.701
90.8841
765.496
12.421
566.301
199.713
376.629
227.18
193.396
256.386
136.906
923.124
872.738
825.434
884.518
490.341
219.459
204.077
798.212
680.105
617.328
829.951
300.394
520.737
594.836
775.872
696.188
25.0252
829.157
364.635
455.428
969.543
932.554
433.485
543.382
527.36
678.854
280.679
706.32
36.2255
825.19
824.793
118.839
681.875
185.888
7.99585
298.441
379.101
114.566
975.188
693.991
631.428
50.5387
59.0838
854.335
650.136
286.172
104.038
583.27
514.664
610.889
158.116
986.877
655.202
988.678
66.1946
820.032
438.612
924.802
994.598
37.5683
139.317
678.426
418.195
957.274
76.2352
977.081
602.374
939.879
196.722
389.172
109.714
993.439
889.34
11.3834
363.72
207.343
306.07
626.362
800.195
423.139
975.982
987.457
637.928
47.1816
990.57
386.792
799.86
413.038
543.229
162.786
15.4424
598.224
103.061
303.171
636.525
102.603
4.88296
800.134
196.692
294.382
736.412
913.602
246.712
29.7555
704.031
999.084
495.956
352.886
758.354
56.0015
792.23
681.875
260.689
653.34
970.367
387.616
971.923
387.921
101.444
171.361
544.633
532.792
173.65
147.282
900.388
30.7627
735.832
36.5612
272.744
490.341
535.325
378.826
197.577
339.488
681.265
167.547
232.002
794.153
364.269
815.577
683.004
797.143
664.418
856.807
126.957
584.46
477.859
290.628
1.83111
34.3028
94.2717
975.097
52.4003
455.855
455.763
975.097
910.428
973.724
628.529
272.103
590.991
164.129
518.906
741.325
186.01
99.704
364.788
802.545
536.058
458.327
33.3567
651.326
162.267
852.87
657.247
476.485
239.051
37.843
639.241
569.933
889.248
149.388
557.939
735.557
582.446
634.449
4.57778
903.104
918.577
25.7881
883.175
353.404
577.074
219.214
204.321
461.196
713.645
408.368
904.965
361.675
585.131
334.696
724.204
447.31
684.713
7.59911
667.44
100.711
167.547
551.866
89.4803
570.513
849.147
337.931
928.159
395.428
556.871
52.1561
119.175
284.127
116.459
862.148
724.631
855.892
754.692
334.544
804.743
149.022
198.645
260.811
565.722
303.262
254.463
47.4563
813.929
321.909
145.054
827.082
247.932
320.597
389.233
946.074
619.892
168.554
502.915
985.961
296.976
928.587
303.995
973.907
254.921
2.19733
102.054
938.963
33.9976
386.212
553.697
470.321
689.505
946.684
465.529
433.668
267.19
116.764
325.602
502.213
836.024
924.802
844.417
658.162
608.02
758.446
287.149
321.268
177.892
771.599
878.109
260.628
412.732
340.129
58.5345
945.83
23.3161
472.64
879.482
493.851
348.674
582.415
310.343
868.007
384.228
527.268
745.018
484.787
585.864
322.977
486.251
885.678
480.209
436.872
489.975
629.048
613.178
67.7511
150.639
59.5721
867.367
318.308
408.582
110.446
679.922
666.494
961.303
795.312
192.236
641.926
859.096
545.61
862.239
113.559
267.037
50.264
570.849
95.0652
674.032
753.288
754.326
473.861
330.393
665.853
592.395
570.33
195.318
649.159
785.089
933.409
175.207
824.335
948.21
278.665
934.446
265.206
159.368
975.249
59.389
631.001
685.751
987.884
857.601
894.253
424.482
680.227
572.466
821.131
87.466
385.784
295.816
359.508
661.489
152.684
358.318
592.029
174.749
568.529
480.209
409.192
301.706
71.4438
462.722
560.076
836.726
653.89
702.017
235.847
568.102
365.276
306.223
842.799
584.155
519.517
97.8423
121.097
541.581
13.9775
281.564
265.725
928.526
666.189
59.7858
205.115
852.596
973.998
976.47
694.723
385.815
206.153
270.638
381.024
997.375
229.163
21.2104
492.66
105.38
976.501
363.872
314.585
279.397
966.735
561.419
101.81
123.997
777.123
209.021
588.733
375.866
877.834
355.51
750.572
244.575
734.367
821.741
972.93
529.008
583.453
497.635
285.684
540.208
789.148
898.923
817.866
362.438
185.156
765.007
129.185
483.047
310.099
978.881
574.969
322.825
940.977
590.808
360.485
698.172
832.209
226.539
440.901
745.964
65.92
661.763
923.368
342.54
919.706
843.593
127.018
548.387
658.132
140.751
957.976
108.89
154.546
103.549
754.143
543.748
749.26
514.603
257.942
854.64
249.794
12.0853
871.7
384.167
480.636
66.4998
852.443
855.708
287.606
591.998
602.68
126.682
403.76
973.937
713.004
685.598
82.7662
793.512
912.87
424.665
906.247
31.1289
585.803
719.108
670.919
29.3283
5.46281
344.188
762.505
996.857
948.546
261.452
921.751
334.849
840.754
805.445
809.595
566.912
92.5321
301.92
277.291
153.356
780.358
649.159
747.978
972.015
329.722
893.063
615.436
746.025
356.944
328.013
67.2933
200.232
324.717
154.241
237.8
227.271
168.859
223.029
97.1709
844.813
551.805
900.998
983.398
224.799
899.38
584.948
182.928
576.647
876.98
898.434
466.628
164.708
461.47
100.711
986.541
242.164
265.023
740.593
440.779
181.829
267.22
84.8415
912.076
585.803
611.499
354.045
286.172
654.683
622.425
295.724
656.88
597.766
699.82
126.957
623.493
365.703
246.04
377.239
887.143
486.557
283.12
663.015
52.0646
286.508
914.853
925.016
38.5754
276.803
291.574
160.07
13.123
987.884
232.765
177.801
242.531
31.8308
164.159
414.411
778.161
675.039
525.62
334.056
376.415
701.285
305.857
449.477
562.029
847.713
860.561
493.118
239.692
593.768
669.607
769.738
761.437
585.376
190.497
221.839
854.64
474.654
463.301
239.631
318.125
457.381
623.92
745.842
891.964
288.583
981.964
587.603
207.16
58.1072
819.117
765.954
221.87
507.187
564.592
534.745
50.1724
167.089
503.8
899.625
589.618
101.657
676.351
548.936
853.755
534.196
119.755
747.368
416.303
140.629
115.452
223.67
872.585
289.834
592.334
584.124
724.845
12.5126
345.408
281.991
597.858
979.98
224.799
675.649
190.527
273.476
951.811
205.237
870.449
226.478
718.07
220.008
316.904
119.846
224.433
487.197
119.297
12.1464
315.195
913.877
736.595
485.885
864.498
512.864
724.601
590.899
70.8335
144.017
636.952
766.442
816.279
62.2883
506.149
22.8584
245.857
803.644
310.984
164.556
224.525
439.772
336.558
334.727
826.868
733.848
833.064
664.205
516.343
227.332
879.635
304.636
170.537
790.033
859.676
627.888
608.081
664.022
453.536
872.585
773.583
533.219
555.254
19.2572
237.587
649.525
19.1656
175.359
166.753
546.648
643.025
250.893
421.186
373.333
293.466
206.885
934.874
376.904
580.615
656.85
35.6151
568.407
987.518
103.275
860.927
100.62
860.958
590.289
525.163
390.271
169.958
53.0412
195.868
515.671
438.032
146.275
733.634
920.835
755.394
832.179
53.1327
957.64
277.718
509.354
861.324
297.159
117.374
964.324
928.129
741.264
33.4483
926.145
547.258
465.773
826.96
506.027
342.54
226.814
847.133
303.049
75.9911
561.083
515.763
456.832
614.368
511.49
274.758
428.999
709.861
909.635
864.437
794.366
751.946
745.872
337.382
822.962
145.726
658.834
715.812
134.587
473.8
75.1671
696.768
206.671
97.3235
30.9458
313.272
16.9683
353.038
205.939
956.206
602.344
2.01422
202.002
663.991
814.57
86.8862
597.125
86.2148
55.1164
853.114
805.658
27.1615
269.173
891.324
276.772
975.616
981.048
156.529
62.0136
527.421
651.57
20.4474
283.212
106.876
139.378
13.245
531.816
893.002
546.556
411.145
731.59
357.25
230.567
325.968
495.01
319.01
263.283
452.589
505.264
924.436
118.656
131.352
954.863
455.824
870.174
880.734
572.13
377.178
679.128
57.0391
266.793
522.263
855.312
797.784
926.145
831.446
271.34
903.653
392.407
543.901
411.42
816.98
153.63
250.832
836.451
351.726
778.161
716.422
346.141
331.797
624.744
872.585
619.861
793.909
859.432
893.765
617.115
910.794
309.885
758.171
519.028
291.879
189.398
201.453
492.172
816.797
220.985
469.314
55.9099
658.437
193.06
775.048
334.452
651.784
478.164
868.587
974.914
664.541
545.854
623.066
12.6347
126.164
0.793481
45.1674
465.224
371.227
177.77
615.65
936.033
953.459
824.274
365.886
8.78933
586.81
902.371
597.552
714.743
869.716
41.0779
650.624
852.748
448.744
670.339
626.667
444.807
778.13
367.534
473.403
107.089
130.833
448.714
337.016
618.488
18.4942
334.819
588.031
467.483
675.13
724.693
427.381
659.2
761.925
105.777
478.896
562.792
948.943
634.419
274.239
81.8201
530.015
915.983
36.7443
927.702
726.981
717.063
670.309
277.902
839.808
140.355
359.539
600.482
898.404
293.68
687.674
925.626
972.961
984.527
678.121
345.653
798.608
471.023
666.158
25.0862
870.571
801.141
407.025
501.511
666.585
770.562
326.487
558.55
152.44
31.4035
320.353
452.864
226.783
382.305
8.78933
775.384
261.849
771.477
852.443
728.751
396.069
43.8246
35.5846
102.268
734.886
963.744
523.667
724.967
115.909
544.023
200.323
678.579
595.08
213.294
491.317
51.7594
309.366
852.077
380.535
516.251
873.012
229.438
225.257
506.668
963.042
871.426
276.101
285.104
250.587
892.026
308.725
671.804
334.117
818.598
272.622
722.922
830.866
942.686
364.208
136.876
282.601
227.119
429.64
670.644
32.4107
301.523
104.099
346.66
728.08
576.464
593.86
732.505
608.905
8.39259
506.607
73.6412
231.849
545.946
637.593
561.266
793.573
789.3
116.398
515.824
704.031
893.582
821.894
768.242
568.804
247.719
470.473
19.1656
235.45
960.021
284.89
458.51
60.7318
681.265
648.976
425.459
54.8112
797.51
655.141
391.156
58.6261
522.782
950.804
44.7401
610.675
923.734
789.727
764.275
659.566
406.934
694.632
253.273
778.436
700.674
637.684
625.233
37.7819
861.629
144.475
715.873
192.419
338.664
228.309
905.789
339.427
624.287
560.686
233.711
702.933
525.193
784.356
82.2779
701.956
583.392
375.439
217.078
958.159
678.793
960.295
460.738
398.633
344.798
493.851
782.83
111.332
827.998
205.634
87.0693
108.158
423.2
719.504
477.157
652.821
115.238
253.304
282.174
309.214
58.504
305.307
623.28
366.924
925.779
732.78
802.24
799.829
657.277
629.414
293.954
414.106
641.499
908.353
623.585
342.082
859.004
995.758
909.391
537.95
19.9591
542.619
353.252
431.593
227.668
559.984
459.548
397.168
198.218
884.518
263.771
191.992
568.224
380.23
352.153
22.7058
321.787
782.8
953.581
394.513
867.702
592.853
885.067
399.762
798.425
924.192
631.977
602.496
861.843
713.279
344.157
174.688
177.19
196.661
29.4504
440.901
226.447
61.6779
725.822
487.197
652.303
177.831
932.829
990.967
393.872
313.913
84.6583
927.366
191.961
748.192
345.164
309.458
994.232
177.129
506.241
617.45
292.367
829.31
271.279
73.5801
921.964
190.619
704.581
419.263
356.578
247.139
127.689
350.2
27.192
651.692
244.911
265.969
698.416
720.481
777.825
490.493
432.203
666.28
391.369
619.16
171.331
973.937
192.083
149.449
472.671
324.87
579.577
50.8438
422.407
976.531
733.207
430.464
264.229
3.20444
514.298
950.682
771.264
304.666
66.1336
154.851
893.857
788.141
892.117
357.738
713.736
630.787
693.594
256.294
236.152
28.2907
749.107
917.722
51.1185
336.222
115.665
300.424
395.032
9.91852
433.485
964.873
643.91
249.825
615.558
129.429
769.707
757.775
203.253
729.087
790.582
511.093
669.301
631.489
746.513
960.631
448.897
667.989
231.727
558.428
981.109
635.304
15.0151
22.309
540.88
923.856
778.924
242.531
143.529
929.685
509.598
237.465
302.591
905.576
568.377
64.5466
922.575
408.032
975.799
92.1659
107.669
995.972
940.245
539.476
167.821
337.931
161.626
689.84
603.015
383.526
942.167
684.347
347.697
755.669
634.236
301.92
56.032
19.6234
458.388
631.581
709.494
985.626
220.954
43.8551
327.708
700.43
963.683
367.199
64.5772
285.012
76.0521
675.68
469.955
273.995
902.066
594.195
198.706
613.33
371.899
527.787
948.454
972.381
690.878
720.695
906.858
526.811
615.528
551.927
490.127
868.435
349.59
973.357
653.615
198.035
589.862
496.719
556.017
458.052
753.868
635.578
858.333
560.503
920.377
208.655
438.795
367.199
514.206
410.81
805.17
578.021
266.213
57.741
985.443
183.752
480.087
910.855
178.35
639.424
136.876
488.357
944.945
414.777
868.801
269.051
222.266
77.9138
333.384
694.937
940.855
568.346
19.2572
878.719
526.627
815.76
14.8015
422.864
69.0939
360.698
771.081
256.203
436.659
133.641
389.752
894.253
120.487
48.2192
468.307
29.4809
88.229
565.416
32.5022
858.547
428.51
884.548
588.488
51.149
67.9952
917.508
824.793
768.609
341.838
702.445
996.46
636.86
698.66
413.312
521.775
81.1792
322.062
620.991
823.267
928.495
948.912
963.042
943.907
682.974
666.372
877.56
970.183
382.519
968.78
558
792.962
441.084
855.22
784.783
237.403
383.404
249.733
790.216
93.6003
879.147
524.827
812.738
78.2189
981.567
409.833
496.963
259.835
977.874
65.096
795.77
977.721
756.951
603.839
530.29
786.37
100.925
842.067
264.718
456.648
807.123
558.489
651.54
564.867
45.7167
45.5336
903.867
700.644
860.744
232.459
550.859
825.648
219.123
161.992
132.847
813.715
515.641
101.779
991.821
703.879
938.322
71.9321
814.02
697.501
602.191
69.7043
80.813
431.013
856.471
772.79
84.0175
554.949
671.682
2.1363
661.763
151.25
513.627
726.341
311.289
19.3487
609.394
887.6
835.414
362.957
12.5126
831.66
177.709
908.2
373.058
622.425
604.114
984.954
819.208
22.4616
885.891
602.039
856.105
420.972
641.194
48.0361
688.955
490.036
491.012
48.4939
875.851
850.795
185.522
11.3529
717.032
530.656
357.982
391.125
286.843
492.66
61.0675
703.818
514.359
18.4332
743.492
223.243
219.184
225.867
821.436
890.469
508.499
502.884
502.884
466.964
441.755
138.31
19.2877
463.851
369.243
931.578
922.391
877.041
850.551
61.6779
601.093
260.628
559.496
997.803
675.954
169.683
81.7896
731.559
426.405
502.762
11.0477
113.224
907.498
776.727
250.496
572.588
912.595
863.979
925.382
5.61541
437.666
224.158
813.532
108.737
804.254
161.138
699.301
941.404
96.1638
136.418
557.909
998.383
67.8121
670.858
975.89
573.29
178.564
865.078
714.225
694.296
911.069
70.5893
820.276
413.129
28.3822
742.637
194.769
729.179
927.58
5.34074
20.2643
929.38
744.255
961.791
956.938
625.446
366.344
278.787
512.345
269.723
11.6886
78.9514
491.379
430.586
526.383
669.942
932.249
608.997
60.3961
143.468
435.347
877.316
276.04
374.371
290.811
121.525
746.147
451.338
311.075
168.554
697.714
70.6809
774.895
579.028
757.805
924.162
388.897
387.86
857.295
611.988
672.933
573.077
949.431
113.01
675.588
534.41
698.752
342.143
425.855
362.926
797.266
827.479
27.6498
183.081
63.6006
37.3241
802.881
348.033
981.811
389.416
389.691
769.86
835.566
472.396
202.155
165.807
94.76
511.948
157.476
501.755
209.876
612.14
76.7846
414.197
471.145
803.308
666.463
892.056
88.0459
427.961
485.336
999.42
146.245
895.81
804.865
920.56
597.278
339.091
767.785
108.493
937.834
199.683
752.129
818.506
734.947
279
346.294
807.123
652.852
282.052
842.036
479.049
138.249
386.914
650.929
262.062
419.843
870.815
551.134
492.111
978.759
324.107
170.446
589.007
145.695
483.474
611.927
804.743
981.719
215.369
628.193
325.083
97.8118
681.204
251.167
6.13422
570.849
215.4
282.693
526.688
611.042
947.63
553.148
237.953
137.761
700.247
353.587
491.928
919.858
192.694
948.057
729.301
436.476
83.5597
572.314
108.463
115.177
881.771
825.068
956.999
102.939
258.248
857.997
826.136
226.661
789.331
270.852
430.647
299.631
662.709
118.076
254.372
429.518
378.002
932.707
102.939
485.031
972.259
174.261
385.296
376.629
802.423
6.83615
404.675
308.176
415.54
813.227
440.962
655.538
538.133
351.756
904.935
628.193
716.025
962.279
346.232
370.556
635.578
726.493
596.21
658.803
658.254
990.387
826.441
849.757
598.834
153.722
804.773
237.892
279.366
133.732
129.887
476.943
889.676
408.429
725.517
222.022
685.537
46.6933
375.683
648.824
56.3982
630.757
582.354
5.95111
493.179
477.432
526.322
856.868
487.808
64.5466
413.221
167.18
895.627
68.7582
985.26
894.436
792.016
920.652
480.331
235.481
354.289
283.975
819.727
188.849
800.409
364.971
305.338
587.451
915.281
457.595
608.264
258.37
196.539
631.977
329.356
465.957
150.578
971.099
913.45
294.198
770.104
262.886
198.279
124.821
724.723
553.697
379.528
867.55
295.663
468.978
672.903
98.1475
585.925
708.274
455
761.62
36.8053
619.861
163.884
595.111
782.739
261.971
740.471
928.8
874.844
856.685
892.3
19.1961
905.24
42.1155
961.058
572.497
62.7461
830.531
674.368
612.995
151.585
676.87
564.165
354.228
604.205
565.63
331.858
227.546
19.4098
521.104
942.289
725.73
257.332
447.768
727.256
216.956
622.12
707.175
280.343
385.907
163.762
337.291
423.75
457.93
630.421
320.658
28.6569
862.88
102.329
807.703
970.58
494.278
838.649
701.193
0.366222
220.985
368.236
508.683
813.013
806.482
356.182
868.221
94.2412
892.972
276.711
654.592
827.692
206.122
423.963
71.688
642.262
636.769
292.093
637.593
482.589
355.602
855.708
468.093
382.244
617.725
781.701
765.954
622.333
412.458
104.434
920.896
55.6047
615.528
394.635
127.445
878.292
799.097
953.917
926.634
629.963
356.334
65.8284
577.502
703.665
97.0794
834.956
665.426
146.702
969.726
644.887
852.504
33.8145
66.9576
766.869
177.007
193.854
570.696
149.876
808.13
571.276
792.596
923.856
661.397
3.47911
966.826
646.596
782.586
695.853
950.713
826.533
904.569
174.596
490.127
751.946
84.872
0
205.451
158.055
829.371
20.539
954.375
763.329
608.264
448.866
728.019
205.908
171.331
541.887
736.686
412.244
568.163
165.288
840.968
928.007
279.366
23.9875
985.015
243.416
365.856
840.236
787.988
644.124
41.5357
259.682
949.889
618.458
576.434
767.785
628.224
352.55
935.881
396.771
441.481
344.951
62.3188
505.264
255.959
671.194
206.183
410.962
411.817
930.357
211.432
158.544
545.122
404.187
162.786
203.314
661.611
460.799
300.394
292.123
618.732
733.207
608.325
322.947
672.292
105.045
983.062
464.156
243.477
33.8755
388.501
314.737
563.219
243.538
903.47
386.853
349.315
317.24
67.9037
691.946
173.528
221.992
434.431
711.478
673.879
296.06
730.827
533.83
269.265
730.583
540.605
438.459
532.121
76.3878
906.919
708.426
875.423
807.764
766.869
952.757
710.746
473.769
622.059
720.023
732.841
469.069
351.604
683.767
487.808
954.833
574.175
181.951
880.428
961.272
464.919
390.667
777.306
203.467
433.912
914.274
362.011
640.95
572.008
72.4815
398.45
312.601
270.516
666.311
58.5345
478.683
921.323
503.311
470.626
600.208
102.603
464.339
644.978
187.841
157.964
392.285
932.463
50.9354
573.809
584.338
672.384
978.484
61.9526
169.073
186.621
382.519
753.777
149.541
775.018
936.247
411.451
393.658
869.411
737.022
63.7226
353.099
2.1363
26.307
971.038
791.833
745.048
997.436
327.464
305.826
275.43
722.343
605.06
915.067
725.425
728.996
946.989
508.744
970.611
260.201
515.854
425.794
14.4353
745.537
203.253
950.835
624.683
517.106
607.074
7.69066
377.789
301.035
682.211
831.599
768.059
515.366
971.953
900.632
537.217
905.911
825.22
908.78
881.314
551.317
506.546
60.8234
690.237
768.426
605.029
471.053
477.432
949.309
648.091
946.287
154.576
861.171
326.67
935.575
308.786
440.443
238.197
926.572
137.73
612.354
552.995
70.7114
699.21
166.753
511.216
318.186
631.55
222.358
155.614
843.745
0.854518
309.793
207.434
44.7707
431.654
605.06
490.616
893.338
176.489
344.768
811.487
922.178
282.022
954.222
699.393
627.43
506.272
919.401
915.433
568.438
144.597
934.874
134.342
945.769
419.935
357.677
707.236
939.36
593.707
499.802
909.818
587.512
453.78
789.056
583.941
488.235
335.612
330.943
577.624
103.977
332.743
902.036
890.042
951.323
853.145
905.82
928.129
456.374
177.313
323.313
780.572
757.836
174.993
188.696
915.769
238.197
835.749
621.632
209.632
65.0655
770.623
947.417
710.044
523.148
340.831
936.552
43.5194
418.714
569.414
694.388
871.151
337.626
492.294
232.551
299.051
37.904
105.38
253.304
650.777
758.568
563.402
177.831
506.79
725.394
786.798
950.346
417.982
635.792
133.366
648.244
199.377
402.661
290.445
430.677
209.906
939.97
44.0992
856.105
524.949
270.119
81.4539
99.8871
407.575
735.16
482.498
104.221
985.076
592.395
57.6495
190.283
536.576
776.421
187.201
164.861
298.349
108.127
319.071
452.406
193.03
732.505
780.847
283.486
388.623
65.6148
62.6545
471.358
94.2412
33.5093
226.966
807.672
498.123
882.565
601.581
608.264
254.524
343.638
412.061
441.115
425.855
431.318
509.934
566.637
285.928
658.62
852.718
122.532
890.957
949.309
892.27
583.85
824.152
28.5653
527.451
529.557
20.7221
573.778
777.886
247.414
79.0735
905.637
833.949
207.526
964.293
502.274
640.706
936.552
510.88
116.459
670.858
323.527
630.482
777.673
43.5499
888.485
630.573
460.128
645.131
45.2284
551.347
698.294
407.88
889.828
925.81
930.57
403.699
544.939
870.418
853.114
908.048
593.097
911.771
564.348
90.8536
628.193
455.947
781.945
491.073
458.052
306.803
913.297
930.021
988.037
139.164
260.537
21.0578
318.094
333.415
142.094
930.876
83.5902
77.6391
210.822
548.845
571.703
143.773
751.152
721.366
644.276
243.507
235.878
706.32
998.84
370.8
923.948
504.837
798.456
36.7443
780.358
226.142
202.246
803.644
499.893
141.911
827.448
23.4687
915.403
586.261
674.123
188.635
571.978
357.646
544.481
799.249
748.894
779.29
487.197
155.095
709.372
73.4275
298.532
977.264
460.677
207.16
611.377
266.06
805.017
864.223
603.259
301.767
962.645
700.735
855.037
193.976
548.509
540.269
390.851
886.258
183.813
664.174
431.44
21.6681
523.453
854.488
891.079
576.708
980.712
344.493
150.212
667.989
930.448
334.239
134.922
440.016
672.231
226.203
233.711
438.581
934.385
238.502
83.9259
377.148
200.079
550.768
758.385
701.773
637.41
639.882
383.587
861.415
913.755
961.119
721.152
689.261
676.443
631.489
742.698
801.874
980.712
271.157
730.949
421.949
445.845
659.23
936.918
531.449
421.552
360.424
325.083
760.704
945.036
978.637
437.941
920.377
770.318
193.487
910.581
582.11
251.259
236.915
667.226
614.338
359.294
964.629
330.546
79.2871
617.145
180.181
875.027
397.839
229.591
367.077
55.7573
187.719
193.335
485.183
644.154
682.485
665.975
987.945
0.946074
135.96
376.324
716.575
19.013
120.151
357.128
827.448
966.185
121.342
780.938
408.795
259.56
341.502
180.914
943.51
703.299
110.965
837.947
273.232
219.916
818.964
614.399
221.412
607.379
767.357
16.9378
530.168
352.58
855.251
768.975
268.197
33.021
499.191
673.849
365.734
337.26
696.524
50.6607
432.264
235.969
637.165
523.515
514.176
334.666
770.714
445.235
947.813
939.238
734.764
737.571
964.66
865.535
50.8133
428.266
204.505
524.644
994.079
666.89
793.39
314.463
543.138
500.32
141.881
849.361
816.431
189.306
120.64
58.8702
900.632
347.24
769.005
687.033
478.378
682.424
192.877
222.877
160.985
625.172
808.863
794.427
932.34
620.93
589.587
56.2151
610.279
370.678
467.94
602.771
732.353
799.646
555.376
938.2
770.898
36.0729
330.912
534.074
84.994
180.853
457.198
6.34785
514.939
149.449
379.864
942.595
25.1473
367.229
366.131
410.779
302.652
599.811
139.134
681.295
716.605
699.24
764.489
192.694
545.427
547.349
944.639
293.161
877.987
977.996
377.941
788.476
94.3327
958.525
338.45
827.723
333.506
812.769
132.42
158.483
853.267
766.106
588.397
282.235
